1.84662
2.16652
1.25732
1.14044
1.32708
1.54013
1.16175
0.971604
2.14624
2.07792
1.21332
1.37533
1.67991
1.44717
1.61939
1.52036
1.22035
1.3514
1.23473
1.32565
1.88956
1.74451
1.28942
1.19564
1.76885
2.00376
0.805084
0.998275
1.82093
1.73107
1.10687
1.11454
2.59115
2.13196
1.30178
1.28269
2.89627
3.31569
1.29739
1.12972
1.95498
1.82027
1.26385
1.33307
0.882662
0.811903
0.752685
0.681437
1.82466
1.78566
1.09121
1.02718
1.9145
1.90593
1.13195
0.989379
2.29367
2.1908
1.20368
1.2204
2.62725
2.34417
1.22972
1.2086
1.93858
1.6398
1.57638
1.46749
1.14732
1.11115
0.702608
0.667904
1.57535
1.51242
0.938383
0.778853
2.73017
2.92267
1.44604
1.51
1.09957
1.09392
1.08054
0.937264
1.48334
1.62482
0.766287
0.684876
2.94028
2.69987
1.36424
1.51734
2.16435
1.9844
1.9038
2.16693
1.70415
1.54357
0.870196
0.880609
2.11533
1.91993
0.819897
0.81422
1.66572
1.5029
0.983078
0.955571
1.2727
0.733704
0.938294
0.887204
2.28154
2.19675
1.55726
1.56928
2.14416
2.41514
1.51584
1.46526
0.886221
0.799182
0.987549
0.826748
3.86579
4.04274
1.73774
1.8499
2.30134
2.66103
2.16378
1.87334
1.1129
1.30937
0.802357
0.72892
1.73452
1.91361
1.68693
1.52121
1.30826
1.27782
1.08388
1.10985
1.71335
1.70898
1.3207
1.34271
0.779148
0.770382
0.766892
0.758177
2.78973
2.61199
0.983735
1.15229
2.50216
2.67116
1.57878
1.55795
1.41153
0.442258
1.18428
1.0029
2.07297
1.64205
1.71028
1.48814
2.23849
2.78119
2.21249
2.0581
2.07106
2.84635
0.948925
0.918323
2.0862
2.53201
1.87005
1.87149
2.39907
2.33406
1.11657
1.0285
1.50714
1.41481
1.15582
0.879275
2.88515
2.62394
2.66418
2.26859
1.63121
1.31525
1.31203
1.34145
2.36488
2.18152
1.71981
1.54857
2.76459
2.26175
1.75608
1.52483
3.36227
3.6157
1.68187
1.86632
2.43555
2.45827
1.17826
1.27574
0.875877
0.850196
1.19723
1.09069
2.42985
2.38749
1.8374
1.56524
0.987736
0.789477
1.00679
0.992218
2.16013
2.00412
1.78769
1.50235
0.433661
0.164051
1.15115
0.401507
0.619775
0.267435
0.963838
0.302188
2.45422
2.04269
2.12272
1.84044
2.00762
2.3581
0.954782
0.922015
2.13523
1.93663
1.2433
1.38199
1.90814
1.58173
1.41893
1.36706
1.08384
0.943903
1.14538
1.39762
0.105449
0.040583
0.329712
0.265312
0.650161
0.312548
0.621246
0.190274
1.83168
1.85677
1.78074
1.63534
1.45901
1.5944
0.848689
0.962508
1.40128
1.53363
1.36069
1.15865
1.87438
1.27786
1.42206
1.01971
1.58993
1.33596
1.05862
1.18021
1.26982
1.08835
0.761609
0.665955
1.02178
0.586877
0.848725
0.656388
2.32942
2.46332
1.58795
1.42183
2.60124
2.64093
0.905205
0.988484
1.49384
1.55129
1.23861
1.25764
1.2717
1.02862
1.30281
0.942854
