60.9702
37.1088
47.4459
53.1577
55.835
47.6235
50.7655
52.3787
46.26
35.1834
49.809
40.5328
54.6695
50.4385
46.8076
51.9301
47.395
58.9005
59.4564
49.5364
62.2538
53.6669
54.6155
52.1583
55.9307
49.8145
68.5896
52.4798
46.3764
51.1642
47.2872
52.7163
31.3987
54.5267
50.3727
50.0183
59.126
29.8428
57.6023
63.027
47.3485
49.3133
52.0645
54.5268
50.3678
47.9506
55.4119
54.1395
51.6341
51.7118
54.6166
50.9403
54.6265
52.2921
40.3398
74.156
52.0241
50.6433
31.2528
47.1186
50.1557
56.7703
57.5951
50.2526
49.4548
49.5472
58.4744
48.1164
49.2393
48.7032
50.2511
50.4645
49.2462
56.6929
48.4028
63.5222
58.7029
55.2248
47.6525
51.7022
60.9191
58.8417
48.5171
62.8451
53.78
37.9672
40.6448
57.3918
57.5875
55.7999
51.7406
49.2118
53.4979
53.7283
52.2911
27.0986
43.6219
53.5132
59.1232
54.7677
53.3067
55.521
53.4718
53.8823
32.1733
53.3714
50.0334
57.278
24.1514
53.7704
51.7417
49.3217
51.7952
50.2038
50.0924
51.979
57.117
46.2101
51.1186
51.5028
60.6923
60.2859
33.4555
53.124
61.4276
50.4211
55.4772
55.7573
49.997
51.6005
45.8991
52.1376
53.6564
54.6957
50.8718
48.6501
54.537
35.7572
44.8237
51.5242
60.9687
73.5499
48.0683
40.3388
55.6111
49.8571
54.5412
47.9694
50.9639
51.3266
53.2592
57.6744
49.8799
54.6746
54.6244
52.7109
55.4605
49.703
50.9137
52.6535
48.1096
31.71
29.1739
50.7965
24.1026
34.5183
53.195
48.4677
54.7854
37.3648
49.7824
55.6888
65.011
54.6798
52.9747
49.5979
51.5892
54.1874
49.6094
51.1937
52.4349
47.1298
50.5706
48.3746
48.2726
47.4704
44.1223
52.6306
54.0954
48.1862
52.9015
50.4852
56.4015
52.6502
53.0078
48.9571
49.1665
49.4372
33.647
41.9198
31.5611
47.8473
41.054
58.9085
52.9548
54.48
51.4449
51.7212
64.7614
40.5424
36.572
29.3382
53.6465
25.4308
46.6837
51.6633
41.9249
41.7392
34.2878
38.5465
90.1694
94.9287
49.5714
89.6473
55.153
45.7638
47.549
29.2262
42.1337
32.6901
53.0391
91.6056
34.6673
24.5705
31.9026
56.6428
36.1389
76.7836
58.0341
35.4449
65.3385
35.4034
36.5559
44.9046
28.4315
63.7304
75.5883
44.8412
39.4859
34.0914
43.889
50.3529
51.7404
44.4757
52.1745
20.0106
30.9417
31.945
41.9028
22.5738
31.9316
31.4567
67.9599
67.4091
63.9719
56.3451
59.7772
49.9572
43.4142
37.3936
68.0685
38.9302
37.056
48.5729
41.2436
47.7255
40.1205
34.616
47.1848
77.8161
40.4753
47.2346
49.2077
56.0371
46.8497
50.0503
49.6442
61.4746
45.7912
46.3584
49.2453
46.6044
48.9111
58.7502
49.2162
60.7724
57.6422
49.201
49.215
61.8362
45.6551
51.1268
38.9785
43.8926
48.979
52.5305
50.8864
49.2821
