3.74651e+06
3.74651e+06
3.74651e+06
3.74651e+06
3.66609e+06
3.66607e+06
3.66626e+06
3.66614e+06
3.66613e+06
3.66612e+06
3.66608e+06
3.66619e+06
3.66611e+06
3.66608e+06
3.66613e+06
3.66614e+06
3.66605e+06
3.66614e+06
3.66614e+06
3.66611e+06
3.6661e+06
3.66617e+06
3.66608e+06
3.66606e+06
3.66612e+06
3.66612e+06
3.66619e+06
3.66608e+06
3.66614e+06
3.66614e+06
3.6662e+06
3.66612e+06
3.66609e+06
3.66614e+06
3.666e+06
3.66609e+06
3.66608e+06
3.66614e+06
3.6661e+06
3.66612e+06
3.66614e+06
3.666e+06
3.66616e+06
3.66617e+06
3.66617e+06
3.66617e+06
3.66618e+06
3.66608e+06
3.6661e+06
3.66616e+06
3.66613e+06
3.66609e+06
3.66613e+06
3.66613e+06
3.66616e+06
3.66609e+06
3.66616e+06
3.66614e+06
3.66611e+06
3.66616e+06
3.66613e+06
3.66611e+06
3.66615e+06
3.66608e+06
3.66611e+06
3.66617e+06
3.66616e+06
3.66606e+06
3.66608e+06
3.66606e+06
3.66608e+06
3.66614e+06
3.66608e+06
3.66612e+06
3.66619e+06
3.66616e+06
3.66615e+06
3.66613e+06
3.66614e+06
3.66605e+06
3.66607e+06
3.66627e+06
3.66605e+06
3.66606e+06
3.66621e+06
3.66615e+06
3.66611e+06
3.66619e+06
3.66613e+06
3.66615e+06
3.66605e+06
3.66613e+06
3.66606e+06
3.66611e+06
3.66613e+06
3.66598e+06
3.66615e+06
3.66625e+06
3.66614e+06
3.66607e+06
3.66609e+06
3.66613e+06
3.66616e+06
3.6661e+06
3.6661e+06
3.66614e+06
3.66604e+06
3.6661e+06
3.66619e+06
3.66614e+06
3.66624e+06
3.66612e+06
3.66616e+06
3.66613e+06
3.66617e+06
3.66602e+06
3.6661e+06
3.66608e+06
3.6662e+06
3.66616e+06
3.66613e+06
3.66613e+06
3.66608e+06
3.66606e+06
3.66605e+06
3.66616e+06
3.66609e+06
3.66622e+06
3.66616e+06
3.66609e+06
3.66621e+06
3.66614e+06
3.66614e+06
3.66609e+06
3.66608e+06
3.66614e+06
3.66606e+06
3.66598e+06
3.66616e+06
3.66606e+06
3.66607e+06
3.66616e+06
3.66616e+06
3.66603e+06
3.6661e+06
3.66613e+06
3.66617e+06
3.66616e+06
3.66625e+06
3.66623e+06
3.66625e+06
3.6661e+06
3.66614e+06
3.66611e+06
3.66608e+06
3.66603e+06
3.66614e+06
3.66609e+06
3.66622e+06
3.66612e+06
3.66602e+06
3.66621e+06
3.66606e+06
3.66606e+06
3.66611e+06
3.66609e+06
3.66611e+06
3.66618e+06
3.66623e+06
3.66613e+06
3.66612e+06
3.66607e+06
3.66619e+06
3.66614e+06
3.66615e+06
3.66618e+06
3.66608e+06
3.66614e+06
3.66613e+06
3.66617e+06
3.66606e+06
3.66615e+06
3.66607e+06
3.66611e+06
3.66611e+06
3.66605e+06
3.66616e+06
3.66609e+06
3.66608e+06
3.6661e+06
3.66609e+06
3.66609e+06
3.66611e+06
3.6661e+06
3.66615e+06
3.66599e+06
3.66608e+06
3.66616e+06
3.66604e+06
3.66607e+06
3.66613e+06
3.66614e+06
3.66615e+06
3.66612e+06
3.66615e+06
3.66615e+06
3.66617e+06
3.66617e+06
3.66609e+06
3.66608e+06
3.66617e+06
3.66606e+06
3.66615e+06
3.6661e+06
3.66614e+06
3.66609e+06
3.66615e+06
3.6662e+06
3.66617e+06
3.66608e+06
3.66601e+06
3.66616e+06
3.66616e+06
3.66624e+06
3.66612e+06
3.66623e+06
3.66623e+06
3.66617e+06
3.66618e+06
3.6662e+06
3.66598e+06
3.66619e+06
3.6662e+06
3.66619e+06
3.66606e+06
3.66612e+06
3.66616e+06
3.66616e+06
3.66613e+06
3.66623e+06
3.66611e+06
3.66613e+06
3.66605e+06
3.66614e+06
3.66613e+06
3.66611e+06
3.66608e+06
3.66606e+06
3.6661e+06
3.66626e+06
3.6662e+06
3.66609e+06
3.0299e+06
3.66614e+06
3.66605e+06
3.66609e+06
3.66617e+06
3.66619e+06
3.66628e+06
3.66606e+06
3.66605e+06
3.66606e+06
3.66612e+06
3.66614e+06
3.66612e+06
3.66606e+06
3.66604e+06
3.66608e+06
3.66602e+06
3.66611e+06
3.66613e+06
3.66611e+06
3.66611e+06
3.66608e+06
3.66622e+06
3.66607e+06
3.66617e+06
3.66608e+06
3.66609e+06
3.66614e+06
3.66609e+06
3.66608e+06
3.66608e+06
3.66619e+06
3.66616e+06
3.66608e+06
3.66608e+06
3.66606e+06
3.66614e+06
3.6661e+06
3.66613e+06
3.66624e+06
3.66614e+06
3.66616e+06
3.66622e+06
3.6661e+06
3.66618e+06
3.66617e+06
3.66612e+06
3.66609e+06
3.66615e+06
3.66617e+06
3.66619e+06
3.66606e+06
3.66621e+06
3.66616e+06
3.66617e+06
3.66613e+06
0
